0 1 
1 1.998046875 
2 1.3302398775195114 
3 1.033296992027797 
4 0.8703104392014593 
5 0.7649484267795372 
6 0.6899465996507381 
7 0.6332609815684618 
8 0.5885936581411804 
9 0.5522693368563285 
10 0.5219883078125 
11 0.4962389499713593 
12 0.4739877689421099 
13 0.4545038529765366 
14 0.4372546571503353 
15 0.4218418583379544 
16 0.4079606183612634 
17 0.39537295269808825 
18 0.383889838127369 
19 0.37335887885442065 
20 0.36365559923940394 
21 0.3546771613680306 
22 0.3463377421373566 
23 0.33856507109783607 
24 0.33129779665253123 
25 0.3244834542924675 
26 0.31807687964197484 
27 0.3120389550364999 
28 0.3063356095252967 
29 0.30093701373556936 
30 0.295816926186508 
31 0.2909521584685981 
32 0.2863221345525304 
33 0.28190852525676324 
34 0.2776949431868385 
35 0.2736666866773829 
36 0.26981052370820535 
37 0.26611450863373665 
38 0.2625678260060138 
39 0.2591606568921958 
40 0.2558840639653459 
41 0.2527298923396304 
42 0.24969068367073 
43 0.24675960148138287 
44 0.24393036602491747 
45 0.24119719728480948 
46 0.2385547649401374 
47 0.23599814431597377 
48 0.23352277749331063 
49 0.2311244388810243 
50 0.2287992046586258 
51 0.22654342558669915 
52 0.2243537027555782 
53 0.2222268659045996 
54 0.22015995399609967 
55 0.21815019777219002 
56 0.21619500405933434 
57 0.21429194161733212 
58 0.2124387283560314 
59 0.2106332197659988 
60 0.2088733984290283 
61 0.20715736449111377 
62 0.20548332699501604 
63 0.20384959598213603 
64 0.20225457528400614 
65 0.2006967559333317 
66 0.19917471013240062 
67 0.19768708572394877 
68 0.19623260111568008 
69 0.19481004061495955 
70 0.19341825013512337 
71 0.19205613323879667 
72 0.1907226474874213 
73 0.18941680106933068 
74 0.18813764968160474 
75 0.18688429364338943 
76 0.1856558752206845 
77 0.18445157614450447 
78 0.18327061530609456 
79 0.18211224661453462 
80 0.18097575700327484 
81 0.17986046457364946 
82 0.17876571686427356 
83 0.17769088923643261 
84 0.1766353833663994 
85 0.17559862583633068 
86 0.17458006681633398 
87 0.17357917883073015 
88 0.17259545560226686 
89 0.17162841096854708 
90 0.17067757786535487 
91 0.1697425073721086 
92 0.16882276781497918 
93 0.16791794392358272 
94 0.16702763603756265 
95 0.1661514593595652 
96 0.16528904325144667 
97 0.16444003057080825 
98 0.1636040770451268 
99 0.1627808506810129 
100 0.16197003120628573 
101 0.16117130954271297 
102 0.1603843873074844 
103 0.15960897634153692 
104 0.1588447982630885 
105 0.15809158404475676 
106 0.15734907361284556 
107 0.1566170154674036 
108 0.15589516632183376 
109 0.15518329076083237 
110 0.15448116091558872 
111 0.15378855615524745 
112 0.15310526279362247 
113 0.1524310738103325 
114 0.15176578858551504 
115 0.1511092126473097 
116 0.1504611574314516 
117 0.14982144005222842 
118 0.14918988308423242 
119 0.14856631435425904 
120 0.14795056674284668 
121 0.14734247799488775 
122 0.14674189053885844 
123 0.1461486513142074 
124 0.14556261160642592 
125 0.14498362688947886 
126 0.14441155667514227 
127 0.14384626436889247 
128 0.1432876171320958 
129 0.14273548575006156 
130 0.14218974450574806 
131 0.14165027105879657 
132 0.14111694632966065 
133 0.140589654388535 
134 0.14006828234892255 
135 0.13955272026549825 
136 0.13904286103619645 
137 0.13853860030824072 
138 0.13803983638791606 
139 0.13754647015397348 
140 0.13705840497442368 
141 0.13657554662665405 
142 0.13609780322058884 
143 0.1356250851248737 
144 0.13515730489589384 
145 0.13469437720946797 
146 0.1342362187951882 
147 0.13378274837317394 
148 0.13333388659323941 
149 0.13288955597627572 
150 0.13244968085784392 
151 0.1320141873337919 
152 0.1315830032078804 
153 0.13115605794128604 
154 0.1307332826039318 
155 0.13031460982753784 
156 0.12989997376035767 
157 0.1294893100234824 
158 0.1290825556687154 
159 0.12867964913786767 
160 0.1282805302234904 
161 0.12788514003093754 
162 0.1274934209417511 
163 0.1271053165782423 
164 0.12672077176931884 
165 0.1263397325174247 
166 0.1259621459665865 
167 0.12558796037152353 
168 0.1252171250677745 
169 0.12484959044279842 
170 0.12448530790800794 
171 0.12412422987172689 
172 0.12376630971298552 
173 0.12341150175619009 
174 0.1230597612465747 
175 0.12271104432642277 
176 0.12236530801205658 
177 0.12202251017152133 
178 0.12168260950298526 
179 0.12134556551379672 
180 0.12101133850016255 
181 0.12067988952748654 
182 0.12035118041127957 
183 0.12002517369865795 
184 0.11970183265036916 
185 0.11938112122340305 
186 0.1190630040540821 
187 0.11874744644164315 
188 0.11843441433235613 
189 0.11812387430403515 
190 0.1178157935510582 
191 0.11751013986978931 
192 0.11720688164442916 
193 0.11690598783326123 
194 0.11660742795530821 
195 0.11631117207734842 
196 0.11601719080131412 
197 0.11572545525201616 
198 0.11543593706525157 
199 0.11514860837619767 
200 0.114863441808154 
201 0.1145804104615955 
202 0.11429948790349842 
203 0.11402064815698809 
204 0.11374386569125305 
205 0.11346911541171334 
206 0.11319637265048432 
207 0.11292561315707883 
208 0.11265681308935416 
209 0.11238994900469224 
210 0.11212499785143226 
211 0.11186193696050872 
212 0.11160074403732012 
213 0.11134139715379132 
214 0.11108387474065173 
215 0.11082815557992443 
216 0.11057421879758245 
217 0.11032204385639743 
218 0.11007161054899095 
219 0.10982289899102682 
220 0.10957588961460973 
221 0.10933056316181555 
222 0.10908690067840188 
223 0.10884488350767452 
224 0.10860449328450161 
225 0.10836571192946254 
226 0.10812852164315845 
227 0.10789290490065184 
228 0.10765884444604557 
229 0.10742632328717816 
230 0.10719532469046533 
231 0.10696583217585598 
232 0.10673782951190147 
233 0.10651130071095505 
234 0.1062862300244718 
235 0.10606260193843275 
236 0.1058404011688574 
237 0.10561961265744091 
238 0.10540022156727957 
239 0.10518221327868327 
240 0.10496557338512758 
241 0.1047502876892421 
242 0.10453634219893759 
243 0.10432372312358473 
244 0.10411241687030315 
245 0.10390241004032985 
246 0.10369368942545631 
247 0.10348624200457124 
248 0.1032800549402304 
249 0.10307511557537241 
250 0.10287141143004486 
251 0.10266893019823486 
252 0.10246765974476402 
253 0.10226758810224368 
254 0.1020687034680976 
255 0.10187099420166312 
256 0.10167444882132814 
257 0.10147905600175666 
258 0.10128480457116096 
259 0.10109168350862419 
260 0.1008996819414969 
261 0.1007087891428382 
262 0.10051899452891133 
263 0.10033028765671648 
264 0.10014265822162915 
